Albedo	NDVI_StdDev_Antalya	DEM	Aspect	Land_Cover	Precipitation	Slope	Soil_Organic_Carbon	Soil_pH	SoilpH	LST	Clay_Content	SoilTexture	LandUse	Annual_Temperature
169.357143	0.094391	152	140.4212	50	837.410093	3.605321	291	73.333333	79	316.554758	267.333333	4	50	25.195833
145.463415	0.075842	146	248.0384	50	801.088225	2.478475	274.666667	71.333333	78	316.452218	260.333333	4	50	25.195833
141.902439	0.100158	409	90	50	834.2091	5.732192	287	72.666667	77	313.376	246.666667	4	50	23.952083
149.666667	0.123426	319	270	50	834.2091	1.150083	303.333333	71.666667	75	311.766112	265	4	50	23.952083
154.682927	0.080039	461	128.8799	30	778.158657	5.889674	292.333333	72.666667	78	317.357993	231.333333	4	30	23.952083
130	0.104647	478	153.6138	40	778.158657	10.24302	286.333333	71.666667	77	314.025424	243	7	30	23.952083
162.75	0.123099	104	211.7883	50	804.49415	2.181276	336.666667	71.666667	78	316.247137	231.333333	4	50	25.360417
162.272727	0.170862	100	148.2134	60	804.49415	2.181235	320	71.666667	80	318.236424	253	4	50	25.360417
160.928571	0.14371	103	328.2125	40	804.49415	2.181257	291.333333	72	77	319.19347	247	7	40	25.360417
168.384615	0.126553	104	219.5677	60	804.49415	3.60475	319	71.666667	77	316.22321	247	7	50	25.360417
167.097561	0.123856	106	197.2169	50	804.49415	3.878069	326.333333	72	78	315.703671	239.666667	4	50	25.360417
165.666667	0.161619	99	0	50	804.49415	2.780288	299	71.666667	78	319.22765	253.333333	7	50	25.360417
130.707317	0.118987	110	0	50	804.49415	1.854334	318.333333	70.666667	77	321.134905	236	7	50	24.81875
152.95122	0.074315	110	140.4307	60	813.01528	7.181341	312	70.333333	75	315.700253	239.666667	4	30	24.79375
238.575	0.169724	7	90	50	862.4553	1.149936	<Null>	<Null>	74	315.457574	<Null>	7	50	25.597917
194.90625	0.120157	7	68.03982	50	857.367231	2.478626	<Null>	<Null>	76	313.540065	<Null>	7	50	25.597917
187.772727	0.119353	4	270	50	862.4553	2.2988	<Null>	<Null>	0	315.231985	<Null>	0	50	25.597917
194.833333	0.119741	3	128.8857	60	862.4553	4.423507	<Null>	<Null>	75	317.316977	<Null>	4	30	25.597917
208.341463	0.178353	6	231.1124	50	862.4553	2.952142	<Null>	<Null>	72	315.502008	<Null>	7	50	25.552083
197.516129	0.085961	3	231.1103	50	862.4553	1.476984	<Null>	<Null>	72	316.007875	<Null>	7	50	25.552083
194.769231	0.034911	15	260.8377	50	834.2091	5.804867	<Null>	<Null>	73	316.8282	<Null>	4	50	25.552083
198.243902	0.134878	12	231.1135	10	837.410093	2.952211	<Null>	<Null>	73	314.82524	<Null>	4	10	25.552083
209.16	0.189534	17	308.8811	10	857.367231	1.477261	<Null>	<Null>	73	313.54861	<Null>	7	10	25.164583
202.121951	0.238553	13	197.224	10	857.367231	3.878217	<Null>	<Null>	72	313.746855	<Null>	7	10	25.552083
197.625	0.127634	11	308.8841	50	857.367231	1.477166	<Null>	<Null>	70	315.449029	<Null>	7	50	25.597917
159.096774	0.062726	4	148.2068	50	837.410093	2.181392	<Null>	<Null>	72	317.763028	<Null>	7	50	25.552083
159.096774	0.134142	2	90	50	837.410093	1.14965	<Null>	<Null>	69	314.505655	<Null>	4	50	25.552083
206.609756	0.13077	11	51.11406	60	837.410093	1.477105	<Null>	<Null>	71	314.3245	<Null>	7	50	25.552083
202.95	0.13085	7	211.7963	50	837.410093	2.181465	<Null>	<Null>	71	316.792311	<Null>	4	50	25.552083
185.9	0.064055	5	90	50	837.410093	1.149736	<Null>	<Null>	71	315.746397	<Null>	7	50	25.552083
181.96	0.137832	6	308.89	50	837.410093	1.476975	<Null>	<Null>	71	317.412681	<Null>	7	50	25.552083
148.585366	0.123093	7	180	50	837.410093	0.92741	<Null>	<Null>	74	316.435128	<Null>	7	50	25.552083
148.585366	0.026992	6	0	50	837.410093	0.92741	<Null>	<Null>	75	315.925843	<Null>	7	50	25.552083
150	0.186044	6	128.8855	50	837.410093	2.952275	<Null>	<Null>	72	316.841872	<Null>	7	50	25.552083
148.027027	0.059605	18	0	50	837.410093	7.37886	<Null>	<Null>	77	316.582103	<Null>	7	50	25.552083
158.722222	0.197343	7	0	60	837.410093	0	<Null>	<Null>	75	316.527414	<Null>	7	50	25.552083
190.516129	0.120096	11	291.9613	50	837.410093	2.478505	<Null>	<Null>	73	315.337943	<Null>	7	10	25.552083
197.625	0.151624	9	328.2017	50	862.4553	2.181513	<Null>	<Null>	70	314.577434	<Null>	7	50	25.597917
222.105263	0.091066	9	51.11386	50	862.4553	1.477099	<Null>	<Null>	72	316.230047	<Null>	7	50	25.597917
195.117647	0.111904	4	0	50	862.4553	0.92741	<Null>	<Null>	73	317.470788	<Null>	4	50	25.597917
237.269231	0.109052	4	180	50	862.4553	1.854334	<Null>	<Null>	72	316.882888	<Null>	7	50	25.597917
208.741935	0.128776	1	180	60	862.4553	0.92741	<Null>	<Null>	72	314.206579	<Null>	7	50	25.597917
<Null>	0.144236	3	308.8908	50	862.4553	1.476949	<Null>	<Null>	72	315.560115	<Null>	7	50	25.597917
<Null>	0.133067	3	31.79284	50	862.4553	2.181384	<Null>	<Null>	72	315.672909	<Null>	7	50	25.552083
238.575	0.157238	6	0	50	862.4553	1.854334	<Null>	<Null>	74	316.609447	<Null>	7	50	25.597917
194.833333	0.017322	-2	111.9617	60	862.4553	2.47846	<Null>	<Null>	75	316.438546	<Null>	7	50	25.597917
191.275	0.1163	12	180	50	834.2091	0.92741	<Null>	<Null>	72	315.643856	<Null>	7	50	25.552083
208.341463	0.102033	5	111.9632	50	862.4553	2.478301	<Null>	<Null>	72	315.854064	<Null>	7	50	25.552083
185.9	0.162988	5	128.8888	50	837.410093	1.477013	<Null>	<Null>	72	315.238821	<Null>	7	50	25.552083
195.034483	0.178474	17	0	50	834.2091	0	<Null>	<Null>	74	316.595775	<Null>	7	50	25.164583
195.034483	0.146096	16	148.1985	50	834.2091	2.181588	<Null>	<Null>	75	315.953187	<Null>	7	50	25.164583
183.735294	0.145502	17	128.8823	50	834.2091	4.423839	<Null>	<Null>	77	316.749586	<Null>	7	50	25.552083
171	0.116089	15	90	50	834.2091	4.590872	<Null>	<Null>	75	317.816008	<Null>	4	50	25.552083
171	0.148426	11	0	50	834.2091	0.92741	<Null>	<Null>	75	317.238362	<Null>	4	50	25.552083
171	0.114909	12	0	50	834.2091	0	<Null>	<Null>	74	316.913651	<Null>	7	50	25.552083
181.323529	0.165383	10	180	50	834.2091	0.92741	<Null>	<Null>	73	316.643627	<Null>	4	50	25.552083
146.413793	0.16637	239	148.1967	30	834.2091	2.181631	313.666667	72.333333	74	315.047412	252.333333	7	30	25.164583
188.041667	0.094063	210	172.1543	50	834.2091	8.366322	354.333333	71.333333	73	312.415536	244.333333	7	50	25.164583
180.166667	0.089099	241	0	50	834.2091	0	309.333333	71.666667	71	314.268103	241.666667	7	50	25.164583
191.35	0.098462	14	0	50	834.2091	0.92741	<Null>	<Null>	75	316.906814	<Null>	7	50	25.552083
191.35	0.147115	14	180	50	834.2091	0.92741	<Null>	<Null>	74	317.549402	<Null>	7	50	25.552083
191.275	0.102143	11	211.7991	50	834.2091	2.181532	<Null>	<Null>	74	318.786725	<Null>	4	50	25.552083
191.275	0.107028	6	231.1147	50	837.410093	1.477127	<Null>	<Null>	73	316.858962	<Null>	4	30	25.552083
197.875	0.132854	11	231.1156	50	837.410093	1.477153	<Null>	<Null>	72	316.975175	<Null>	4	50	25.552083
187.536585	0.106598	13	270	50	834.2091	1.150026	<Null>	<Null>	73	316.325751	<Null>	7	50	25.552083
209.16	0.05138	12	105.0451	50	857.367231	3.568435	<Null>	<Null>	73	315.857482	<Null>	7	50	25.164583
209.16	0.144973	12	285.0448	50	834.2091	3.568494	<Null>	<Null>	74	315.507135	<Null>	7	50	25.164583
<Null>	0.149885	20	31.80361	10	834.2091	2.181637	<Null>	<Null>	72	315.320853	<Null>	7	50	25.164583
168.2	0.114301	22	22.4615	60	834.2091	3.008123	<Null>	<Null>	75	314.767134	<Null>	4	50	25.164583
<Null>	0.151217	21	68.04335	10	834.2091	2.479005	<Null>	<Null>	73	318.263768	<Null>	4	10	25.164583
<Null>	0.057446	18	308.88	50	834.2091	1.477296	<Null>	<Null>	75	316.773512	<Null>	4	50	25.164583
153.6	0.139126	20	0	50	834.2091	0.92741	<Null>	<Null>	70	316.018129	<Null>	7	50	25.164583
170.666667	0.070507	21	248.0463	60	834.2091	2.479323	225.666667	71.333333	73	315.604549	265.666667	7	10	25.164583
168.3125	0.113976	30	180	60	857.367231	1.854334	299.666667	72.333333	73	317.686123	258.333333	7	10	25.164583
168.3125	0.072942	61	173.5656	60	857.367231	10.15925	270.666667	72	72	315.43023	270.333333	7	10	25.164583
160.818182	0.093251	20	270	50	834.2091	2.299551	263.333333	70	73	315.898499	267.333333	7	50	25.164583
160.818182	0.130449	21	128.8771	50	834.2091	1.477388	265	69.666667	70	315.700253	257.333333	7	10	25.164583
171	0.191862	47	229.3068	30	834.2091	38.46649	273	71.666667	76	315.18755	249.333333	7	20	25.164583
179.636364	0.146312	26	270	50	834.2091	1.150243	247	71	76	316.691479	248	7	50	25.164583
129.909091	0.099257	23	0	50	834.2091	3.704792	253.666667	<Null>	74	314.992723	<Null>	7	50	25.164583
154.909091	0.137132	25	328.192	60	834.2091	2.181741	274.666667	71.666667	74	315.17046	248.333333	7	10	25.164583
154.909091	0.0386	25	180	60	834.2091	0.92741	273	71.666667	78	315.710507	246.666667	7	60	25.164583
158.545455	0.154608	26	180	60	834.2091	2.780288	255.333333	70.666667	75	316.77693	249.666667	7	50	25.164583
165	0.073552	30	248.0468	60	834.2091	2.479368	265	71.666667	77	316.253973	248.333333	7	30	25.164583
157.642857	0.11489	32	0	60	834.2091	0	244.333333	72.666667	77	315.016649	251	7	30	25.164583
177.448276	0.150326	15	128.8805	60	857.367231	1.47728	245.666667	71.333333	75	316.17194	247.666667	4	50	25.304167
171.74359	0.173341	60	137.0709	50	857.367231	5.053743	267	71.333333	77	312.230963	252	4	50	25.304167
175.307692	0.096869	35	128.8799	60	857.367231	5.889674	337	71.333333	76	312.333504	226	4	30	25.304167
193.310345	0.068503	18	105.0447	10	857.367231	3.568518	236.333333	<Null>	77	313.32473	<Null>	7	30	25.304167
197.25	0.136579	6	180	60	857.367231	1.854334	<Null>	<Null>	78	315.980531	<Null>	7	50	25.597917
140.828571	0.130563	87	128.8756	50	857.367231	2.95291	218.666667	71.666667	74	311.379876	270.666667	4	50	25.304167
189.358974	0.102964	1	0	50	857.367231	0.92741	<Null>	<Null>	74	312.801772	<Null>	7	10	25.597917
180.615385	0.105596	3	0	50	862.4553	0.92741	<Null>	72.666667	73	314.247595	279.666667	7	50	25.597917
74.078947	0.133817	2	90	50	862.4553	1.149895	<Null>	<Null>	70	314.356972	<Null>	4	50	25.597917
260.710526	0.053095	17	109.0673	10	862.4553	8.455531	304.666667	72.333333	73	313.628933	271	7	10	25.597917
155.461538	0.1173	72	180	50	857.367231	7.37886	243	70.666667	74	313.875031	272.666667	4	50	24.766667
179	0.067093	102	143.3389	60	857.367231	11.4089	300	72.333333	75	311.516597	297	4	50	24.766667
170.055556	0.137498	73	172.1521	10	857.367231	8.366364	254	70.666667	73	313.77249	277.666667	4	10	24.766667
170.055556	0.105696	48	151.1307	60	920.529825	9.445521	275.333333	70.666667	74	312.729994	273.333333	4	30	24.766667
157.378378	0.12824	11	197.2292	50	920.529825	3.878326	335.666667	69.666667	76	313.557155	286.666667	4	50	24.766667
142.321429	0.122666	81	180	50	857.367231	0.92741	227.666667	71	75	310.063938	262.666667	4	50	25.304167
188.538462	0.124782	67	148.1944	60	857.367231	4.357061	268	69.666667	76	312.853043	265.333333	7	30	25.304167
184.275	0.075942	27	197.2255	10	857.367231	3.878249	289.666667	71.333333	76	312.32325	228.666667	7	10	25.304167
184.275	0.135136	7	180	50	857.367231	1.854334	273	71.666667	79	313.071796	239	7	50	25.304167
176.290323	0.146074	4	90	50	857.367231	1.149985	<Null>	<Null>	75	315.642147	<Null>	7	50	25.597917
197.25	0.121162	4	90	60	857.367231	3.44633	<Null>	<Null>	74	313.519557	<Null>	7	50	25.597917
194.90625	0.092177	5	270	50	857.367231	1.149961	<Null>	<Null>	78	315.409722	<Null>	7	50	25.597917
194.90625	0.1386	3	0	50	862.4553	0	<Null>	<Null>	75	314.941453	<Null>	7	50	25.597917
149.269231	0.051681	6	140.4223	50	862.4553	3.605269	<Null>	<Null>	72	314.08353	<Null>	7	10	25.597917
202.195122	0.141009	12	0	50	857.367231	0	254.333333	72.666667	72	316.095035	273	7	50	25.597917
<Null>	0.134118	4	0	50	837.410093	0	<Null>	<Null>	72	315.607967	<Null>	7	50	25.552083
194.90625	0.138954	4	270	60	862.4553	2.298881	<Null>	<Null>	74	315.143116	<Null>	7	50	25.597917
180.615385	0.09279	2	148.2006	50	857.367231	2.181538	<Null>	<Null>	74	315.37896	<Null>	7	50	25.597917
189.358974	0.151132	3	231.1172	50	857.367231	1.477207	355	71.666667	77	313.280295	265.666667	7	50	25.597917
193.4	0.125772	3	51.11774	50	857.367231	1.477223	<Null>	<Null>	78	314.920945	<Null>	7	50	25.597917
200.175	0.091343	6	111.9597	50	857.367231	2.478679	<Null>	<Null>	74	316.065982	<Null>	7	50	25.597917
238.575	0.11746	8	128.8842	50	857.367231	1.477162	<Null>	<Null>	72	314.380898	<Null>	7	10	25.597917
260.710526	0.100431	6	231.1147	50	862.4553	1.477124	304.666667	<Null>	74	315.977113	<Null>	7	50	25.597917
222.105263	0.079791	6	90	50	862.4553	1.14985	<Null>	<Null>	71	316.148014	<Null>	7	50	25.597917
<Null>	0.164209	3	51.10958	60	862.4553	1.476962	<Null>	<Null>	72	316.305243	<Null>	7	50	25.597917
<Null>	0.064636	1	180	50	837.410093	0.92741	<Null>	<Null>	73	316.168522	<Null>	7	50	25.552083
185.9	0.106741	5	180	50	837.410093	0.92741	<Null>	<Null>	73	316.021547	<Null>	7	50	25.552083
206.609756	0.126755	6	0	50	837.410093	0	<Null>	<Null>	71	315.580623	<Null>	7	50	25.552083
202.95	0.151421	6	31.79585	50	837.410093	2.181454	<Null>	<Null>	72	316.346259	<Null>	7	50	25.552083
168.15	0.140873	9	128.8861	50	837.410093	2.952237	<Null>	<Null>	75	316.400948	<Null>	7	50	25.552083
168.15	0.150389	10	180	50	837.410093	4.627367	<Null>	<Null>	71	315.966859	<Null>	7	50	25.552083
150.487179	0.127756	7	231.1275	50	763.978433	1.477535	<Null>	<Null>	70	313.42727	<Null>	7	50	24.979167
132.756098	0.171384	12	90	10	770.504158	1.150419	318.666667	68	68	311.800293	208.333333	7	10	23.727083
151.235294	0.074554	30	148.1906	60	720.417552	4.357242	280	72.333333	73	313.499049	246.333333	7	10	24.8125
156.459459	0.104323	55	31.80835	60	720.417552	2.181749	303.666667	72.666667	75	309.438441	267	7	10	24.479167
156.459459	0.049458	47	248.0462	60	720.417552	2.479316	275	73	74	309.623014	267.666667	7	50	24.479167
151.342857	0.151319	21	231.1291	50	720.417552	1.477586	274.333333	72.666667	74	307.216728	257.333333	7	50	24.8125
176.166667	0.060911	24	90	50	720.417552	1.150165	299.333333	72.666667	74	314.551799	258	7	60	24.8125
154.222222	0.058246	23	308.8808	60	720.417552	1.477271	268	72	74	314.348427	246.666667	7	50	24.8125
47.333333	0.053962	6	211.8	40	710.186666	2.181551	446	70.666667	77	314.192907	239.333333	7	50	<Null>
144.589744	0.037631	5	90	40	710.186666	1.149957	542	72	70	312.384774	231.333333	7	50	<Null>
160.461538	0.160126	28	180	50	720.417552	3.704792	301	70.666667	75	308.850541	241	7	50	24.479167
195.970588	0.099556	36	244.1775	60	664.751572	6.361639	268.666667	73	74	310.205786	233.333333	7	10	24.583333
157.1875	0.044448	42	137.0764	50	713.634121	5.053295	319.666667	72.333333	75	311.060291	244.666667	7	50	24.583333
157.1875	0.091579	44	111.959	50	713.634121	2.478755	310	72.666667	74	310.752669	240.333333	7	50	24.583333
151.756098	0.114245	8	291.961	40	675.61816	2.478543	451.333333	70	73	313.572536	217.666667	7	30	<Null>
147.666667	0.118602	10	180	50	720.417552	1.854334	350.666667	71.666667	74	315.182423	246.333333	7	50	<Null>
121.073171	0.069226	59	331.1398	30	720.417552	9.444707	279.666667	72	73	312.077152	228.333333	4	30	24.602083
144.097561	0.099481	85	90	60	675.61816	3.445011	<Null>	<Null>	72	314.779097	<Null>	4	50	24.602083
130.325	0.126164	49	0	10	664.751572	2.780288	<Null>	<Null>	74	311.144033	<Null>	7	10	24.583333
129.121951	0.140828	110	257.0197	60	675.61816	8.201941	<Null>	<Null>	73	306.427165	<Null>	7	10	24.60625
133.073171	0.058945	69	291.9658	60	675.61816	2.478021	<Null>	<Null>	74	310.925279	<Null>	7	10	24.583333
158.666667	0.119549	24	51.11684	10	720.417552	1.477194	296.333333	72.666667	74	312.53004	224	7	10	24.583333
137.292683	0.067818	3	0	10	675.276567	2.780288	521.333333	70	73	313.157247	224	7	50	<Null>
161.666667	0.207857	31	337.5381	40	720.417552	3.008132	291	72.666667	73	314.615032	289.666667	7	40	24.8125
133.390244	0.102882	5	328.1884	60	710.186666	2.181825	419.333333	71.333333	69	310.359597	294	7	10	24.908333
157.325	0.093249	14	270	50	710.186666	2.300156	<Null>	73	75	312.907731	267	7	50	24.908333
162.625	0.044344	20	180	50	720.417552	0.92741	268.666667	73.666667	74	313.135029	267.333333	7	50	24.8125
165.368421	0.041945	175	190.0441	50	664.751572	6.564613	264.333333	73	74	308.602735	256	7	50	24.085417
149.138889	0.08935	62	211.7965	50	664.751572	2.18147	279	73	73	305.381251	251	7	10	24.583333
168.1875	0.059998	83	128.8889	50	664.751572	1.47701	280	73	76	309.002643	244	7	50	24.583333
191.75	0.046716	86	211.7931	60	664.751572	2.18139	<Null>	<Null>	76	304.697647	<Null>	7	50	24.085417
191.75	0.078632	102	270	60	664.751572	1.149642	266.333333	73	75	301.848727	265	7	50	24.085417
169.972222	0.105917	99	231.108	50	664.751572	5.888137	271.333333	<Null>	74	301.797457	<Null>	7	50	24.085417
140.325	0.031153	89	56.08989	60	664.751572	8.254871	<Null>	<Null>	72	313.729765	<Null>	4	50	24.583333
147.731707	0.136303	115	262.3418	40	664.751572	6.925919	326	73	77	306.230629	246	7	60	24.3125
135.536585	0.038053	103	39.56726	60	664.751572	3.604724	315.333333	73	76	304.632705	241.333333	7	60	24.3125
135.536585	0.104283	123	111.9682	30	664.751572	4.94631	315.666667	73	77	310.764633	237	7	30	24.3125
124	0.122517	139	302.8442	60	664.751572	13.42946	316.333333	72	74	311.352532	224.333333	7	10	24.3125
119.04878	0.083922	148	224.749	60	655.303294	6.501755	335.666667	73.666667	76	304.135383	248.666667	7	60	23.695833
146.121951	0.052672	157	196.2544	50	655.303294	15.99495	304.666667	72.666667	73	309.775116	239	7	50	24.3125
136.04878	0.064887	164	74.94134	60	655.303294	3.565301	299	72.333333	74	309.727263	205	7	10	24.889583
136.04878	0.087571	161	352.9375	60	655.303294	9.264232	309.666667	71.333333	73	309.843476	217.666667	7	50	24.889583
123.146341	0.045133	225	60.53205	50	655.303294	12.97146	298.333333	72	71	308.40449	221	7	50	24.889583
138.804878	0.10624	135	90	60	655.303294	2.297121	309	72	74	312.155767	226.666667	7	10	24.3125
127.804878	0.128926	142	90	10	655.303294	7.992107	308.666667	72	74	313.881867	220.333333	7	10	24.3125
118.731707	0.064487	263	342.7924	60	655.303294	7.720542	301.666667	70.333333	75	309.910128	226	7	10	24.889583
103.512195	0.130141	252	328.2234	30	655.303294	18.91947	321.333333	69	69	305.991368	256.333333	7	30	24.233333
131.902439	0.042491	205	41.50668	60	655.303294	8.604277	307.666667	71.333333	72	304.282358	217.666667	7	60	24.889583
124.878049	0.073122	311	245.2334	30	655.303294	17.17803	301.666667	71.666667	68	304.253304	236.666667	7	60	24.233333
115.560976	0.069952	257	22.43329	50	655.303294	14.71882	286	72	75	305.323145	214.666667	7	10	23.44375
135.341463	0.151478	245	211.7764	60	655.303294	10.78118	312.333333	71	69	308.454051	251	7	30	23.44375
127.097561	0.077233	313	28.83596	50	668.240918	9.442546	286.333333	72	71	313.283713	275.666667	7	50	23.44375
107.560976	0.064758	270	74.9366	60	668.240918	17.29856	285	71.666667	72	303.373164	213.666667	7	10	23.44375
136.756098	0.066256	32	252.0942	50	718.5655	6.011244	345	70.333333	68	309.735809	210	7	50	22.89375
142.853659	0.083556	18	118.3065	60	718.5655	3.905847	342.333333	70.666667	68	309.178671	208.333333	7	50	24.4
121.390244	0.033539	120	120.642	60	718.5655	19.25802	287.666667	69.333333	66	310.768051	212.333333	7	60	22.89375
142.853659	0.069744	22	55.29791	60	718.5655	9.68169	341.666667	71	67	310.262184	213	7	60	24.4
152.535714	0.102054	178	180	50	817.687196	2.780288	245.333333	72.666667	71	316.958085	240	7	50	23.489583
150.439024	0.1084	165	157.5161	60	817.687196	3.008609	251	72.333333	74	314.03226	241.333333	7	30	23.489583
168.217391	0.115964	160	264.886	60	829.999103	10.29307	249.666667	72.666667	73	317.163166	265	7	30	24.716667
160.297297	0.197903	178	202.4843	60	817.687196	3.008617	220	73	75	320.037721	275	4	30	24.716667
147.243243	0.064501	189	240.0918	60	817.687196	9.220308	241.666667	72	74	320.130007	246.333333	7	30	24.716667
147.435897	0.081314	216	68.06953	60	817.687196	4.954351	247.666667	71.666667	75	318.058687	216	7	30	24.316667
150.439024	0.10157	157	211.8323	50	817.687196	2.182315	253.333333	72.666667	74	316.930741	249.666667	7	50	23.489583
130.37037	0.098261	143	231.1495	50	829.999103	1.47824	234.333333	72.666667	74	311.472163	240.666667	4	50	24.716667
140.869565	0.096538	131	51.14804	50	829.999103	2.954419	254.333333	72.666667	76	312.921403	279	7	50	24.716667
167.583333	0.108991	162	224.8049	10	829.999103	12.85228	240.333333	71.333333	71	315.399468	276.333333	4	10	24.716667
167.583333	0.119186	141	180	50	829.999103	4.627367	231.333333	70.666667	71	314.726118	283.666667	4	50	24.716667
150.2	0.105396	157	191.691	60	812.644	5.664311	269	72.333333	71	314.237341	259	7	30	24.716667
152.5	0.075403	194	111.9336	50	816.76423	2.48148	241.333333	71.333333	75	316.117252	259.333333	7	50	24.608333
172.233333	0.100715	178	180	50	816.76423	3.704792	246.333333	70.666667	75	315.105518	278.666667	4	50	24.716667
145.655172	0.100485	177	90	60	812.644	3.450434	233.666667	72	74	316.906814	283	7	30	24.608333
155.56	0.097497	160	0	40	812.644	0.92741	266.666667	71.666667	72	313.160665	266	7	60	24.608333
155.56	0.099413	160	180	40	812.644	1.854334	273.666667	71.333333	70	311.656736	265.666667	7	30	24.716667
140.966667	0.121708	191	137.0394	40	816.76423	5.056321	242	72.333333	72	316.356513	267.333333	7	40	24.608333
134.195122	0.015395	189	90	60	814.579623	1.151719	245.333333	73.666667	73	320.266728	233	7	60	24.316667
114.392857	0.021351	211	231.1632	60	814.579623	1.478678	270.333333	72.666667	74	320.239384	231	7	50	23.98125
139.033333	0.168291	210	248.0724	60	814.579623	2.48212	233.333333	73.666667	74	320.259892	239.666667	7	30	23.98125
162.090909	0.107907	201	68.07153	50	814.579623	2.482028	237.333333	73	75	316.452218	240.333333	7	50	23.98125
153.097561	0.129386	2	90	60	991.314112	2.301032	<Null>	70.666667	69	314.08353	267	7	30	25.314583
130.195122	0.122949	2	51.13896	50	991.314112	1.477902	301.666667	72.333333	73	313.960481	273.333333	7	50	25.314583
148.853659	0.108006	5	180	60	991.314112	0.92741	<Null>	<Null>	69	312.846207	<Null>	7	30	25.208333
148.585366	0.031772	3	270	50	991.314112	1.151033	393.666667	69.666667	70	313.225607	252.666667	7	50	25.314583
149.04878	0.084999	2	90	10	991.314112	1.15096	349	71	72	311.256827	285	7	10	25.314583
144.609756	0.176173	11	128.8521	60	991.314112	1.478189	<Null>	<Null>	70	312.678724	<Null>	7	30	25.208333
132.25	0.031188	15	78.61307	60	991.314112	4.687246	340.333333	71.666667	72	314.726118	228	7	60	25.208333
152.756098	0.153374	37	90	60	978.626499	2.302155	260.666667	70.666667	71	310.706526	257.666667	7	10	25.208333
129.702703	0.109556	3	105.035	50	991.314112	3.570764	333.333333	<Null>	75	314.517619	<Null>	7	30	25.314583
187	0.057833	0	180	50	808.753117	1.854334	300.666667	69.333333	75	315.238821	297	4	50	25.460417
199.947368	0.129124	2	0	50	808.753117	1.854334	309	70.333333	76	316.045473	307.666667	4	50	25.460417
165.512821	0.065039	2	0	50	808.753117	0	348.666667	70.333333	75	315.238821	238.666667	4	50	24.6125
186.268293	0.160871	2	328.175	50	808.753117	2.182142	316	71.666667	74	315.372123	291	4	50	25.291667
181.390244	0.147769	1	51.14096	50	808.753117	1.477965	301.333333	70.333333	74	315.942933	320	4	50	25.460417
180.780488	0.172125	0	0	50	808.753117	0.92741	304.333333	69.333333	74	316.954667	287	4	50	25.460417
187.647059	0.122662	0	270	50	808.753117	1.150845	306.333333	69.666667	75	319.015733	293	4	50	25.460417
187.684211	0.133048	1	0	50	808.753117	0.92741	294	70.666667	76	315.146534	293.666667	4	50	25.460417
215.243902	0.114199	0	140.3944	60	821.668889	3.606714	<Null>	<Null>	74	315.939515	<Null>	4	10	25.497917
197.463415	0.18531	5	211.8271	50	821.668889	2.182192	<Null>	<Null>	73	314.958543	<Null>	7	50	25.489583
201.921053	0.113932	-1	270	60	821.668889	1.151046	<Null>	<Null>	73	316.411202	<Null>	7	50	25.497917
200.184211	0.10383	0	0	50	821.668889	0	419	70.666667	72	315.054248	322.333333	7	50	25.497917
161.853659	0.081945	7	148.1771	60	865.67949	2.182092	<Null>	<Null>	69	314.059604	<Null>	7	10	25.541667
169.804878	0.075609	7	148.1773	10	865.67949	2.182088	<Null>	<Null>	68	313.273459	<Null>	7	10	25.541667
175.02439	0.152342	15	0	40	865.67949	0	<Null>	<Null>	74	316.920487	<Null>	7	30	24.302083
180.317073	0.113153	13	180	60	865.67949	0.92741	<Null>	<Null>	72	316.277899	<Null>	7	30	24.302083
181.634146	0.098009	3	0	60	821.668889	0	<Null>	<Null>	72	315.129444	<Null>	7	30	25.489583
188.259259	0.077743	3	291.9398	50	821.668889	2.480811	<Null>	<Null>	72	314.931199	<Null>	7	50	25.489583
191.769231	0.123526	2	128.8578	50	821.668889	1.478004	<Null>	<Null>	72	316.718823	<Null>	7	50	25.497917
190.463415	0.147217	5	0	50	821.668889	0	<Null>	<Null>	72	316.17194	<Null>	4	50	25.489583
183.365854	0.131497	0	337.522	50	808.753117	3.00848	311.666667	70	72	314.387734	297	4	50	25.291667
189.815789	0.167836	2	180	50	821.668889	1.854334	305.666667	70	74	317.187092	325	7	50	25.460417
179.268293	0.121052	2	202.4752	50	808.753117	3.008419	<Null>	<Null>	76	317.470788	<Null>	4	50	25.460417
187.439024	0.081015	6	0	50	808.753117	0	<Null>	<Null>	73	316.711987	<Null>	4	50	25.291667
183.707317	0.134585	8	0	50	821.668889	0	<Null>	<Null>	72	315.625057	<Null>	7	30	25.291667
179.097561	0.107245	8	180	50	821.668889	1.854334	<Null>	<Null>	73	315.423394	<Null>	7	50	25.489583
181.756098	0.147568	8	337.5193	40	821.668889	3.00854	<Null>	<Null>	73	314.647503	<Null>	7	30	25.489583
166.97561	0.095753	12	0	60	810.17674	0	<Null>	<Null>	71	311.608883	<Null>	7	10	25.489583
191.073171	0.119362	16	157.5145	50	810.17674	3.008643	<Null>	<Null>	71	312.688978	<Null>	7	50	25.489583
163.466667	0.034669	14	308.8513	60	808.753117	1.478211	310.333333	70.666667	72	313.950227	267.666667	7	50	25.291667
182.04878	0.149339	4	180	50	808.753117	0.92741	341.333333	<Null>	74	316.74275	<Null>	4	50	25.291667
176.365854	0.117051	4	128.8544	50	808.753117	1.478112	<Null>	<Null>	73	313.827178	<Null>	4	10	25.291667
156.04878	0.16356	11	231.1531	60	872.97222	2.954745	<Null>	71.333333	73	313.317893	237.333333	7	30	25.464583
165.780488	0.087734	9	0	50	821.668889	1.854334	<Null>	<Null>	71	315.601131	<Null>	7	50	25.464583
155.853659	0.156632	6	180	60	821.668889	0.92741	<Null>	<Null>	70	315.1021	<Null>	7	10	25.464583
153.268293	0.084887	6	308.8549	10	821.668889	1.478099	<Null>	<Null>	68	309.674284	<Null>	7	10	25.464583
184.540541	0.037531	23	0	60	872.97222	3.704792	<Null>	<Null>	77	317.323813	<Null>	7	50	25.464583
142.243243	0.139202	44	180	50	872.97222	1.854334	<Null>	<Null>	76	316.024965	<Null>	7	50	22.683333
139.576923	0.109542	38	180	50	872.97222	2.780288	259.333333	72.333333	74	315.460992	237.333333	4	50	24.302083
177.097561	0.146779	7	0	10	821.668889	0.92741	<Null>	<Null>	70	313.42727	<Null>	7	40	25.489583
194.236842	0.12406	3	180	50	821.668889	1.854334	<Null>	<Null>	73	316.243719	<Null>	7	50	25.489583
146.634146	0.116827	5	308.8524	50	941.519846	1.478176	348	71.333333	71	312.764174	233	7	50	25.208333
133.219512	0.152087	4	128.8573	50	941.519846	1.478023	<Null>	<Null>	69	310.757796	<Null>	7	50	25.314583
170.268293	0.112532	4	270	60	941.519846	1.151317	<Null>	<Null>	75	313.464868	<Null>	4	50	25.208333
110.342857	0.074586	3	180	60	941.519846	2.780288	<Null>	<Null>	70	313.676786	<Null>	7	10	25.314583
132.731707	0.216229	4	231.1422	30	941.519846	1.478004	305	71.333333	70	312.784682	282.333333	7	10	25.314583
185.896552	0.114343	20	211.8277	10	865.67949	2.182205	<Null>	<Null>	71	313.676786	<Null>	7	10	24.302083
138	0.217283	26	180	60	865.67949	1.854334	<Null>	<Null>	73	316.383857	<Null>	7	10	24.302083
181.780488	0.170762	12	328.1751	40	865.67949	2.18214	<Null>	<Null>	71	316.462472	<Null>	7	30	24.302083
155.926829	0.090856	19	157.5184	60	865.67949	3.008559	<Null>	<Null>	71	313.348656	<Null>	7	10	25.464583
155.536585	0.118536	15	328.1715	60	865.67949	2.182224	<Null>	<Null>	71	312.982928	<Null>	7	10	25.464583
215.243902	0.058846	1	0	60	821.668889	0.92741	311	<Null>	74	315.454156	<Null>	7	50	25.497917
188.097561	0.139859	-1	90	50	821.668889	1.151021	<Null>	<Null>	75	314.917527	<Null>	4	50	25.460417
195.55	0.199792	0	180	60	821.668889	0.92741	<Null>	<Null>	73	315.112354	<Null>	7	50	25.497917
168.780488	0.120516	14	270	60	810.17674	2.302008	<Null>	<Null>	71	314.08353	<Null>	7	10	25.489583
183.243902	0.1217	0	308.8575	50	808.753117	2.954062	<Null>	<Null>	73	316.100162	<Null>	4	50	25.460417
238.75	0.164791	-1	51.13866	50	808.753117	1.477892	<Null>	<Null>	75	315.806212	<Null>	4	50	25.460417
199.763158	0.153984	1	298.2436	10	808.753117	3.91381	<Null>	<Null>	74	310.897935	<Null>	4	10	25.114583
217.04878	0.161007	2	51.13587	50	808.753117	2.953642	354	69.666667	75	314.951707	285	4	50	25.114583
188.292683	0.106376	1	51.14275	50	808.753117	1.478023	<Null>	<Null>	73	317.645107	<Null>	4	50	25.460417
182.02439	0.089489	2	128.8602	60	808.753117	1.477927	324.333333	69.666667	74	313.80667	308.666667	4	50	25.460417
187.073171	0.122369	2	0	50	808.753117	0	323.333333	71	76	314.82524	289	4	50	25.460417
183.944444	0.10904	2	180	50	808.753117	0.92741	313	69.666667	75	314.924363	296.666667	4	50	25.460417
191.769231	0.156646	2	0	40	821.668889	0	<Null>	<Null>	73	314.914109	<Null>	7	50	25.497917
193.375	0.157627	4	0	50	821.668889	0	<Null>	<Null>	72	315.912171	<Null>	7	50	25.489583
189.756098	0.111626	3	90	60	821.668889	1.151181	<Null>	<Null>	72	317.556238	<Null>	7	30	25.489583
177.292683	0.040722	10	128.8573	60	865.67949	1.47802	<Null>	<Null>	73	315.727598	<Null>	7	10	25.595833
187.439024	0.088544	6	0	50	808.753117	0	<Null>	71	74	317.067461	256.666667	4	50	25.291667
182.04878	0.10634	0	128.854	50	808.753117	1.478125	<Null>	<Null>	74	316.650463	<Null>	4	50	25.291667
138	0.12818	24	68.06288	50	865.67949	2.4811	<Null>	<Null>	75	315.666073	<Null>	7	50	24.302083
170.512195	0.099712	12	248.0674	10	810.17674	2.481586	<Null>	<Null>	74	314.408242	<Null>	7	10	25.464583
163.560976	0.054587	9	180	50	865.67949	0.92741	<Null>	<Null>	71	311.984866	<Null>	7	10	25.464583
139.292683	0.110393	3	51.14445	50	941.519846	2.95419	<Null>	<Null>	69	314.008334	<Null>	7	50	25.208333
189.926829	0.148588	3	0	50	821.668889	0.92741	<Null>	<Null>	74	315.652401	<Null>	4	50	25.497917
146	0.126509	51	128.8332	50	810.17674	2.95562	<Null>	<Null>	74	314.196325	<Null>	7	50	24.95625
165.794872	0.129287	36	148.1593	50	810.17674	2.182512	<Null>	<Null>	72	314.585979	<Null>	7	50	24.95625
160.25	0.159684	95	111.9203	50	817.222991	2.482905	258	73	76	316.623119	262.333333	7	50	24.620833
160.25	0.102875	105	279.1445	60	817.222991	5.815996	299.333333	72.666667	76	316.093326	248	7	30	24.620833
139.710526	0.120806	117	128.8226	50	817.222991	2.956299	<Null>	73	75	316.021547	259.666667	7	10	24.620833
150.173913	0.100571	83	238.8854	60	817.222991	5.368779	278	<Null>	73	315.194386	<Null>	7	10	24.197917
135.35	0.136745	199	245.3039	60	785.123074	8.809551	284.333333	71.666667	72	313.273459	240.333333	7	50	23.585417
152.038462	0.142681	3	0	50	768.514072	0.92741	352.333333	69.666667	74	314.575725	256.666667	7	50	25.114583
152.931034	0.143174	3	180	50	768.514072	1.854334	299.666667	68.666667	71	313.307639	209.333333	7	50	25.114583
218.097561	0.143505	4	308.8625	50	808.753117	1.477854	342	70.666667	74	313.936555	260.333333	4	50	25.114583
288.414634	0.134726	2	0	50	808.753117	0.92741	315.333333	71	73	313.929719	261	7	50	25.114583
127.525	0.163509	80	15.7601	10	791.828105	20.30658	287	71.333333	74	315.303763	205.666667	7	10	24.6125
203.026316	0.154988	4	90	50	808.753117	1.150919	349.666667	71.333333	74	314.644085	272.666667	4	10	25.114583
146.102564	0.136739	28	248.0579	50	789.442679	2.480567	277	68	70	313.673368	228	7	10	25.114583
218.526316	0.060864	2	0	50	808.753117	0	341.666667	71.333333	74	314.059604	283	4	50	25.114583
134.902439	0.123664	31	180	60	771.02673	1.854334	291.333333	72.666667	74	317.364829	230.666667	7	50	24.795833
134.902439	0.1731	35	270	10	771.02673	1.151353	282.333333	72.333333	74	318.133884	245	7	10	24.795833
132.756098	0.08742	18	180	60	771.02673	2.780288	309	70.666667	73	311.902833	217.333333	7	50	24.3
114.829268	0.160008	235	78.61247	50	787.618549	9.31211	335.666667	71.666667	69	317.238362	233.333333	7	10	24.795833
126.609756	0.11932	31	128.8551	60	787.618549	1.47809	260	72.333333	74	317.494714	218.666667	7	50	24.795833
134.902439	0.170701	29	291.9371	60	787.618549	2.4811	291.333333	72.666667	74	318.321875	232.333333	7	50	24.795833
178.1	0.135314	3	0	50	808.753117	0.92741	337	70.333333	74	314.955125	286.666667	7	50	25.114583
144.925	0.050242	5	180	10	764.068753	2.780288	440.333333	70	72	309.64694	237	7	10	24.595833
136.219512	0.044994	142	348.2921	60	800.645692	5.664656	315	71.333333	72	310.740706	259.333333	7	60	24.595833
131.585366	0.03778	110	352.1329	60	800.645692	16.39116	326.333333	69.666667	72	304.902728	257.333333	7	60	24.391667
163.828571	0.031773	17	211.8709	50	822.707441	2.183227	323.666667	69.666667	72	302.869006	209.666667	7	60	24.595833
132.794872	0.029452	19	162.7313	10	822.707441	7.723066	320.666667	69.333333	70	309.720427	220.666667	7	10	24.595833
123.390244	0.028945	157	80.38741	50	764.068753	21.19454	299.333333	72	71	310.776596	240.666667	7	50	24.595833
144.925	0.039844	4	180	50	764.068753	0.92741	486.333333	70.666667	72	311.311516	238.666667	7	50	24.595833
189.566667	0.046312	10	298.2106	60	764.068753	3.917998	427.666667	69	73	309.322228	203	7	50	24.595833
144.925	0.018425	3	202.5018	60	764.068753	3.008997	430	69.666667	73	309.223106	237.333333	7	60	24.595833
146.902439	0.09763	83	184.7387	60	822.707441	13.69328	332.333333	69.666667	71	305.008687	232.333333	7	10	24.595833
119.864865	0.076529	103	295.1652	50	750.551547	14.92131	289.333333	72	73	311.449946	248.666667	7	50	24.483333
166.129032	0.152188	53	202.4888	10	750.551547	3.008714	331.333333	72.666667	72	309.101766	242.333333	7	30	24.147917
120.317073	0.04378	107	278.3295	50	750.551547	12.59782	475.666667	69	68	309.482875	229	7	50	24.147917
162.707317	0.087447	31	161.2845	60	750.551547	10.64769	328	71	74	304.897601	225.333333	7	10	24.147917
103.902439	0.052175	331	308.8041	50	800.645692	8.810226	304	68	65	293.498505	279.666667	7	50	23.5125
133.390244	0.026248	162	222.9947	30	764.068753	14.87354	297.333333	72	70	307.825135	277.333333	7	60	24.177083
113.365854	0.067832	164	211.8536	30	764.068753	16.95785	331.333333	71.666667	73	307.809754	232	7	60	24.595833
153.487805	0.037486	20	211.8598	50	764.068753	2.182966	334.333333	71	71	311.561031	239	7	60	24.595833
195.414634	0.033595	12	0	50	764.068753	0.92741	357	70	74	310.508281	218.666667	7	50	24.595833
219.75	0.050877	60	164.5702	60	750.551547	8.594488	310.666667	72	76	309.342736	229	7	50	24.147917
167	0.054123	127	245.9008	50	750.551547	21.62591	323	71.333333	74	304.719864	258.666667	7	50	24.147917
217.125	0.07887	48	250.9618	60	750.551547	8.467793	332.666667	72.666667	74	310.166479	243	7	60	24.147917
149.611111	0.034871	71	26.42056	60	750.551547	10.246	313.666667	72	75	308.708694	240	7	60	24.147917
120.317073	0.057603	80	295.7868	60	750.551547	18.51576	471	67.666667	67	310.407449	228.333333	7	60	24.147917
120.317073	0.109009	65	354.5433	60	750.551547	11.93653	470.666667	71.333333	70	309.308556	222	7	10	24.147917
155.714286	0.039732	133	257.6143	50	750.551547	12.75728	325	72	74	302.867297	262.333333	7	50	24.147917
169.777778	0.039601	85	180	50	750.551547	8.2891	311.666667	72	76	311.849854	242	7	50	24.147917
183	0.073425	128	270	60	750.551547	2.302106	322.666667	72	75	311.178213	253.666667	7	60	24.483333
164.8	0.071112	88	175.2678	50	750.551547	13.69315	326	72	75	309.781952	237	7	50	24.483333
104.926829	0.078554	103	20.42938	50	750.551547	9.800706	302.333333	72	73	311.142324	216.333333	7	10	24.483333
144.913043	0.03745	133	237.2044	30	713.035868	13.44648	292.333333	71.666667	74	309.108602	257.333333	7	60	24.483333
192.421053	0.047376	111	241.7684	60	750.551547	11.60302	316.333333	72	74	311.224356	253.666667	7	60	24.483333
132.558824	0.029293	237	254.4229	60	725.184946	28.48151	301.333333	73	74	313.001727	262.333333	7	60	23.970833
142.259259	0.157774	117	262.3559	10	725.184946	6.93845	297.333333	72	74	312.369393	259.333333	7	10	24.483333
193	0.096308	107	171.1766	50	725.184946	7.466238	310.666667	72	76	312.817154	267.333333	7	50	24.483333
163.714286	0.040944	91	167.6398	30	750.551547	15.7337	314	72	75	311.232901	258.333333	7	60	24.483333
102.472222	0.063855	132	63.28145	50	750.551547	10.20513	291.666667	70.666667	71	312.189947	232.333333	7	50	24.483333
104.317073	0.066381	109	301.1307	60	750.551547	10.64005	431	67	67	308.729202	222.333333	7	50	24.483333
151.371429	0.045336	182	25.31302	60	713.035868	20.60874	289.333333	72	74	310.431376	252.666667	7	60	24.483333
163.219512	0.081201	12	258.6091	10	713.035868	4.685648	292.333333	71.333333	76	312.207037	241	7	10	24.416667
200.411765	0.02949	31	90	50	720.417552	1.150648	253	73	78	312.84108	246	7	50	24.416667
162.833333	0.197788	21	308.8681	50	710.186666	1.477675	316.666667	73	74	312.128423	277	7	10	24.416667
148.390244	0.033521	32	148.1845	50	720.417552	2.181918	291.666667	73	76	301.052329	269.333333	7	50	24.566667
147.731707	0.076448	20	285.0349	60	713.035868	3.570787	290.333333	73	74	303.084342	248	7	10	24.416667
136.257143	0.138554	3	180	60	710.186666	0.92741	529	72	77	312.629162	237.666667	7	60	24.416667
118.97561	0.054753	236	193.942	60	713.035868	4.767188	289.666667	70	68	310.525371	232.333333	7	60	24.483333
144.913043	0.040162	119	51.15024	50	713.035868	5.893489	292.333333	71.666667	74	309.643522	257.333333	7	50	24.483333
<Null>	0.081678	49	254.977	50	750.551547	10.61152	342	71	74	312.070316	227.333333	7	50	24.147917
121.609756	0.048944	206	308.813	60	738.830597	5.898149	333.666667	73	73	297.017356	284.333333	4	60	24.177083
144.463415	0.049339	130	90	30	764.068753	13.5765	322.666667	70.666667	75	311.21752	236	7	60	24.595833
156.325	0.053877	115	226.5765	20	764.068753	25.22023	296.666667	71	73	308.33442	239.666667	7	60	24.595833
119.97561	0.053364	95	214.132	50	738.830597	23.27938	321.666667	69.333333	70	306.864672	249	7	60	24.177083
200.518519	0.078347	10	219.6434	50	764.068753	3.608679	369.333333	70	74	311.224356	213.666667	7	50	24.595833
200.518519	0.044259	6	180	50	764.068753	0.92741	451.666667	68	74	308.83516	213.666667	7	10	24.595833
137.390244	0.04725	79	157.505	60	750.551547	6.001194	316	69	70	307.628599	219.333333	7	60	24.147917
141.853659	0.107835	340	151.9662	60	738.830597	14.39985	308	71.333333	63	301.177086	243	7	10	24.177083
142.210526	0.062343	112	298.2212	50	750.551547	15.31551	316	71.666667	73	301.828219	251	7	50	24.147917
219.75	0.038625	43	157.5105	60	750.551547	8.960715	333	71.666667	74	310.672346	227.666667	7	50	24.147917
175.542857	0.048581	188	234.4053	10	725.184946	12.54366	302.333333	73	73	304.627578	248.333333	7	60	23.264583
151.371429	0.054687	176	74.25643	60	713.035868	22.66649	281.333333	72.333333	74	309.235069	264.333333	7	60	24.483333
152.634146	0.053362	83	270	60	730.857265	5.735699	270.333333	73	76	300.211496	267.333333	7	10	24.566667
167.25	0.045867	63	180	50	730.857265	7.37886	261.333333	73	75	304.58827	248	7	50	24.566667
174	0.019875	42	95.72955	30	800.899057	9.210276	<Null>	<Null>	76	313.034198	<Null>	4	60	25.135417
122.731707	0.155211	74	163.9542	30	800.899057	12.35122	355.333333	64.333333	69	314.03226	242.333333	7	30	24.658333
149.926829	0.057302	79	211.9341	60	729.955562	2.184726	370.666667	67.666667	74	312.7881	237.333333	4	60	24.4625
158.121951	0.022755	66	148.0735	30	800.899057	2.184545	313.333333	69.333333	72	312.328377	224.333333	4	30	24.7
153.121951	0.055095	99	169.1459	60	800.899057	12.09414	342.333333	70	74	310.231421	223.666667	4	10	24.7
153.411765	0.048213	167	226.8855	60	834.968677	9.413748	324.666667	70	74	310.460429	201.333333	7	60	22.889583
147.6	0.049091	112	248.1375	50	827.901542	2.489145	316.333333	69.666667	74	304.562635	212.666667	7	50	23.65
168.730769	0.086278	82	184.4531	60	827.901542	14.56287	336.333333	70.333333	71	313.562282	192	7	10	24.397917
147.097561	0.068545	123	188.8518	60	834.968677	14.68827	342	68	73	312.810318	198	7	60	22.889583
140.365854	0.053832	184	149.4529	60	834.968677	19.65335	316.666667	70.333333	74	312.883805	210.333333	7	60	22.889583
138.365854	0.038546	147	223.7758	30	878.185655	16.24866	303.666667	71	73	310.995349	209.666667	7	60	23.727083
135.902439	0.051645	131	8.850301	50	834.968677	7.466777	321.333333	71	73	314.9124	206.333333	7	50	23.727083
146.74359	0.056893	196	284.9815	60	834.968677	7.13856	309	71	73	312.969255	202	7	60	23.727083
129.146341	0.049806	162	69.95331	60	834.968677	13.28539	325	70	75	312.191656	200.333333	7	60	23.727083
142.170732	0.104465	156	244.2841	60	834.968677	12.61717	339	68	75	312.900895	226.333333	7	10	23.727083
139.780488	0.025481	90	61.84473	60	834.968677	3.92504	330	71	72	312.268561	201.333333	7	10	24.525
152.829268	0.049478	82	11.72978	60	834.968677	11.22155	354	71.666667	74	312.646253	221	7	60	24.525
150.243902	0.087379	79	231.2471	50	827.901542	10.26081	350	71.666667	74	315.884827	220.333333	7	10	24.525
125.317073	0.029909	108	328.0823	60	827.901542	4.362341	313.333333	71.333333	74	311.70117	214	7	60	24.525
145.365854	0.119183	48	331.9008	50	827.901542	7.31984	336.333333	71.333333	73	312.697523	206.666667	7	10	24.525
171.2	0.031318	75	260.8802	50	827.901542	5.831454	<Null>	70	73	311.889161	194	7	60	24.397917
140.756098	0.029188	72	106.2733	50	827.901542	13.01113	310.333333	71.666667	75	316.817946	201	7	50	24.525
66	0.05278	5	211.9153	60	821.693582	2.184279	395.666667	69	73	313.039325	231	7	60	25.047917
<Null>	0.038233	10	128.7623	50	824.459508	1.481069	<Null>	<Null>	72	311.802002	<Null>	7	50	24.525
<Null>	0.04292	5	31.91233	60	824.459508	2.184209	<Null>	<Null>	71	313.471704	<Null>	7	50	24.883333
202	0.033791	10	180	60	824.459508	1.854334	<Null>	70.666667	72	315.300345	193	7	50	24.883333
<Null>	0.046733	8	270	50	824.459508	2.309314	316	71	72	313.218771	184	7	50	24.883333
<Null>	0.071558	15	241.8406	10	824.459508	3.924514	<Null>	<Null>	72	313.1863	<Null>	7	10	24.525
157.170732	0.068873	12	180	50	824.459508	0.92741	<Null>	<Null>	73	314.457803	<Null>	7	50	24.525
124.097561	0.160729	42	328.0926	10	824.459508	4.361856	<Null>	<Null>	73	311.239737	<Null>	7	50	24.6625
151.853659	0.145117	33	128.7636	50	824.459508	1.481027	319.666667	71	73	316.599193	210.333333	7	50	24.525
123.365854	0.0521	20	90	10	821.693582	5.758938	359.666667	66	70	311.740477	226	7	40	24.579167
166.05	0.056135	116	255.0246	50	827.901542	3.584628	317.666667	70.666667	75	313.389672	213.333333	7	50	23.65
159	0.06326	171	231.2534	50	834.968677	5.906607	330.666667	70.666667	74	314.27323	208.333333	7	50	23.65
137.352941	0.099088	144	10.09318	60	827.901542	12.96317	320.666667	70.333333	73	310.853501	209	7	10	23.65
139.090909	0.117382	177	4.191945	10	827.901542	15.42579	298	<Null>	77	305.042867	<Null>	7	10	23.65
162.2	0.128131	148	168.2686	60	827.901542	5.665134	322.333333	71	72	313.948518	215.333333	7	10	23.65
160.117647	0.066906	95	202.5552	30	827.901542	6.003792	333.333333	71	73	306.743332	219	7	50	24.397917
86.1875	0.138184	12	211.9139	50	805.426213	2.184246	349.333333	70.666667	72	314.833785	181.666667	7	50	24.883333
154	0.075783	10	231.2402	50	824.459508	1.48115	<Null>	<Null>	72	317.178547	<Null>	7	50	24.883333
127	0.145153	41	264.2697	50	821.693582	9.209049	275.333333	71	72	314.097202	193.666667	7	50	24.883333
<Null>	0.020191	10	0	60	821.693582	0.92741	374.333333	68.666667	74	313.41018	179.333333	7	30	25.047917
165	0.081269	7	128.7575	50	821.693582	1.481224	<Null>	<Null>	73	315.640438	<Null>	7	50	25.047917
143	0.098591	6	308.7582	50	805.426213	1.481202	<Null>	<Null>	72	315.426812	<Null>	7	50	24.883333
142.8	0.082614	52	299.8285	60	821.693582	9.242275	310	70.666667	73	313.885285	195.333333	7	10	24.883333
163.5	0.047032	172	90	20	834.968677	2.310211	324.333333	71	75	312.738539	199	7	60	22.889583
139.625	0.056028	189	190.8518	40	834.968677	12.09405	320.333333	72	72	312.741957	222.333333	7	60	22.889583
185	0.073666	271	148.072	60	834.968677	20.88016	313.333333	70	71	303.347529	216.666667	7	10	23.65
163.416667	0.05446	387	236.2324	50	834.968677	16.23757	322.333333	70.666667	71	307.922549	232.666667	7	50	22.889583
139	0.058881	134	104.9766	60	827.901542	3.584327	322.333333	71.333333	74	311.169668	208.666667	7	10	23.65
128.658537	0.084728	194	317.8329	50	878.185655	13.50887	321	70.666667	77	306.854418	218.333333	7	50	23.727083
159.097561	0.113499	242	180	60	878.185655	0.92741	305	72	73	310.033176	215	7	10	23.727083
144.731707	0.12196	251	348.2719	50	878.185655	5.665068	314.333333	71	76	309.363244	204	7	50	23.727083
151.390244	0.0754	175	163.9683	60	878.185655	12.35038	337.333333	67	65	304.198616	238.333333	7	10	23.829167
133.85	0.064439	112	185.2682	30	811.117494	23.69782	341.666667	70.666667	71	306.193031	260	7	30	22.075
143.675	0.053837	116	303.7935	60	871.275582	16.2272	350.666667	67.333333	66	300.300364	245.333333	7	60	24.164583
117.55	0.027457	355	65.69361	60	871.275582	19.49123	301	69.333333	70	310.299782	206	7	60	21.25625
155.682927	0.036776	102	138.3842	20	822.707441	8.618598	330.333333	69.666667	72	306.67839	260	7	30	24.391667
157.365854	0.138095	55	274.5968	50	822.707441	11.41936	289.666667	70	74	307.285088	245.666667	7	50	24.854167
150.317073	0.056245	129	197.2725	60	822.707441	15.17557	325	71	73	300.66951	274.666667	7	30	24.391667
146.05	0.066236	30	254.9998	60	<Null>	3.57885	335	70.333333	74	311.003894	271	7	10	24.854167
160.097561	0.107989	59	162.7216	60	837.014066	3.879357	292.333333	69.666667	69	299.459531	351	7	10	24.066667
138.243902	0.092522	178	330.1397	60	822.707441	13.63951	292.666667	71.666667	71	304.948872	302.666667	7	10	24.391667
164.075	0.0514	63	219.6693	50	822.707441	7.19162	226.666667	70	76	310.622785	325	7	50	24.854167
139.585366	0.048897	16	180	60	837.014066	1.854334	327.333333	67	66	303.297968	248.666667	7	10	24.81875
148.853659	0.031907	9	270	50	837.014066	2.307365	360	69.333333	73	307.203056	209.666667	7	50	24.81875
140.219512	0.03893	3	270	60	837.014066	2.307232	326	69.666667	70	311.831055	219.666667	7	50	24.81875
125.804878	0.049705	83	206.4698	60	871.275582	10.25029	321.333333	66	67	312.735121	210	7	50	24.164583
145.325	0.022647	265	57.27986	60	922.407907	6.830939	298	65	68	309.053914	237.666667	7	60	23.739583
150.525	0.030534	375	125.0948	10	922.407907	11.14966	347.333333	66	66	306.886889	236	7	60	23.739583
171.775	0.030258	260	126.3585	60	922.407907	16.71828	309.333333	70.666667	70	307.657652	232.666667	7	60	23.739583
152.268293	0.037197	15	328.1027	60	837.014066	2.183854	308	67.666667	67	310.52708	224	7	50	24.164583
142.707317	0.036211	54	258.6429	50	837.014066	4.699366	330.333333	68	73	306.126379	228.333333	7	50	24.81875
139.609756	0.024592	23	160.4241	10	837.014066	6.857795	341.666667	68.333333	66	310.559551	244.333333	7	10	24.066667
164.268293	0.100541	63	111.8908	60	837.014066	7.421147	309.666667	70	73	305.179588	257.333333	7	50	24.81875
160.170732	0.036948	88	266.9334	50	837.014066	16.83568	264.666667	70	75	304.147346	266.333333	7	50	24.066667
153.707317	0.048813	95	219.6789	50	837.014066	3.610529	268.333333	70	73	304.885638	271.666667	7	60	24.066667
150.292683	0.025479	53	172.1285	50	837.014066	8.366834	308.333333	68	68	308.92232	239.333333	7	50	24.81875
167.634146	0.058463	178	157.4774	60	802.053877	3.009449	277.666667	71.666667	73	306.001622	298.666667	7	50	24.391667
155.682927	0.033652	72	95.73959	20	822.707441	9.194476	331	71.333333	73	308.667677	265	7	60	24.391667
155.243902	0.085423	252	193.329	10	800.645692	19.25706	290.666667	69.333333	67	305.041158	289.666667	7	60	23.5125
149.902439	0.033727	0	0	40	930.603171	0.92741	330.333333	72	72	312.056644	291.666667	7	30	25.339583
160.317073	0.042319	1	111.8164	40	1031.923908	2.494138	312.333333	72	76	308.90523	201	7	40	25.277083
176.585366	0.039042	19	291.8088	60	1006.945752	2.494957	281.666667	70	72	310.549297	189.666667	7	30	25.245833
173.384615	0.036998	20	0	60	1031.923908	0	286.666667	70	77	308.850541	228	7	60	25.172917
159.536585	0.02867	27	308.6769	60	1031.923908	1.483824	263.333333	70.666667	74	309.30172	212	7	60	25.316667
163.707317	0.02818	8	270	50	1006.945752	1.158483	263.333333	72.666667	75	310.306618	204	7	10	25.277083
165.95122	0.085997	14	0	50	1006.945752	0	291	70.333333	75	310.094701	178.666667	7	10	25.245833
156.682927	0.048695	15	0	60	978.070849	0.92741	268	70.333333	77	311.103017	234.666667	4	10	25.379167
175.926829	0.066914	24	0	60	1013.271547	0.92741	260.333333	69	77	313.102558	220	7	10	25.316667
166.439024	0.040999	13	270	60	726.449528	2.312052	319.666667	70.666667	76	307.365412	248.666667	7	30	25.04375
175.073171	0.052496	6	308.7191	40	758.983141	1.48246	329.333333	71	75	308.392527	215.333333	7	60	25.04375
169.439024	0.028231	9	180	60	726.449528	0.92741	330	71	75	311.155996	222.666667	7	10	25.04375
151.243902	0.040155	10	148.0442	60	758.983141	2.18524	341.333333	70	77	310.576641	188	7	30	25.04375
203.341463	0.032158	7	308.7119	50	758.983141	4.440167	312.333333	72	74	313.598171	208	7	50	25.154167
166.536585	0.139875	11	270	40	869.724881	1.157543	288.333333	70	73	314.599651	192	7	40	25.25
163.292683	0.149091	14	68.171	40	869.724881	2.492769	255.333333	70	76	315.80963	200.333333	7	40	25.25
138.97561	0.069661	3	90	40	909.107407	3.469333	335	74.333333	74	313.710966	255.666667	7	30	25.391667
144.170732	0.037975	7	51.3182	40	978.070849	1.483666	327.666667	70.333333	74	310.491191	197	4	30	25.279167
137.804878	0.04401	4	90	40	913.756688	1.158155	286.666667	73	77	311.97803	187.666667	7	40	25.279167
176.552632	0.045356	20	211.9655	60	869.724881	2.185472	310.666667	71	76	311.540523	188.666667	7	10	25.2375
170.04878	0.032559	1	51.29439	60	754.157416	2.96381	351.333333	70.666667	76	312.022464	234.333333	7	30	25.279167
171.609756	0.05123	10	0	60	869.724881	0.92741	288.333333	70.666667	75	315.375542	173.333333	7	10	25.391667
167.625	0.063354	18	22.59377	40	869.724881	3.010999	247.333333	71	75	312.333504	171.333333	7	10	25.25
143.829268	0.023064	83	68.16534	60	758.983141	4.974916	317	68	76	315.331107	197.333333	4	60	25.154167
175.390244	0.021033	1	231.3074	50	909.107407	1.483316	366.666667	73.666667	73	317.334067	242	7	50	25.391667
144.829268	0.052339	11	308.7083	50	786.07049	1.482809	371.666667	73	74	309.585416	190.666667	4	50	24.977083
169.463415	0.015264	10	128.72	60	786.07049	1.482434	390	65.666667	77	307.62689	203	7	10	25.04375
166.439024	0.031292	14	219.7401	40	726.449528	3.613723	319.666667	70.666667	77	307.655943	248.666667	7	30	25.04375
187.731707	0.03273	14	169.8959	60	758.983141	6.565823	343.333333	70.666667	75	309.790497	203.333333	7	10	25.04375
164.097561	0.02023	16	328.0587	60	738.188417	2.184898	285	71.666667	73	309.199179	201.666667	7	10	24.8625
152.170732	0.056686	85	180	60	732.931935	5.547545	340.333333	68.666667	75	305.008687	198	4	10	24.8625
<Null>	0.099214	18	211.9452	50	726.449528	2.184988	<Null>	71.666667	74	305.208641	230.666667	7	50	24.979167
<Null>	0.061126	17	270	60	738.188417	1.156451	330.666667	70.666667	74	303.932011	231	7	10	24.979167
163.833333	0.027519	8	128.7283	60	726.449528	1.482167	412.333333	71.666667	73	304.959126	218	7	30	24.979167
143.707317	0.062076	28	75.04132	40	786.07049	3.588521	340.333333	68.666667	76	312.131841	209.333333	4	60	24.616667
167.15	0.016974	35	162.6839	40	738.188417	3.880149	309.666667	71	74	307.300469	201	7	60	24.8625
154.04878	0.046062	18	111.85	60	738.188417	2.490497	327.666667	72.666667	74	310.576641	201	7	30	24.4625
171.567568	0.016962	28	237.3168	60	738.188417	6.837729	337	71.333333	73	306.133215	243	7	60	24.8625
167.853659	0.021961	4	0	40	738.188417	0.92741	<Null>	<Null>	73	306.406657	<Null>	7	40	24.8625
137	0.167221	309	115.7013	10	807.732511	12.6236	291.333333	68	69	300.243967	208.666667	7	10	22.4375
158.365854	0.051608	391	219.7332	30	807.732511	14.17612	331.333333	68.333333	72	307.67816	213.333333	7	60	22.485417
177.586207	0.120199	5	0	50	920.68896	0.92741	291.666667	73.666667	74	314.090366	329	7	50	25.295833
178	0.03541	61	180	60	886.845309	1.854334	<Null>	<Null>	78	315.030322	<Null>	4	10	25.308333
182.366667	0.069	15	0	60	919.15413	0	<Null>	<Null>	74	314.698774	<Null>	7	50	25.333333
179.5	0.119664	11	270	60	881.668529	1.160766	278.666667	72.333333	77	314.469766	310.333333	7	50	25.333333
182.121951	0.234859	13	90	10	881.668529	1.160719	225	72.333333	76	316.807692	331.666667	7	40	25.333333
<Null>	0.072023	20	180	50	996.737003	0.92741	236.666667	75.333333	76	317.46737	308	7	50	25.379167
169.9	0.100448	102	270	40	954.354298	2.321647	235.333333	74.333333	77	311.97803	297	4	40	25.289583
163.111111	0.091483	82	202.6537	50	875.347951	3.01231	<Null>	74.666667	76	317.074297	297.666667	4	50	25.272917
165	0.096541	105	128.6061	50	953.298063	1.48612	211	75.666667	77	319.347281	375.333333	7	30	25.025
<Null>	0.049537	35	51.38749	60	881.668529	1.485911	<Null>	<Null>	77	316.766676	<Null>	7	10	25.289583
179.5	0.105644	11	291.7752	60	881.668529	2.49862	230.333333	72.333333	75	313.919465	310.333333	7	50	25.333333
144.272727	0.106748	15	111.7712	50	881.668529	2.49906	271.333333	74.666667	76	316.770094	358.666667	7	50	25.379167
125.5	0.098606	24	162.62	60	881.668529	3.881499	238.666667	75.666667	76	314.568889	297	7	30	25.289583
<Null>	0.209966	18	0	40	996.737003	0	235.333333	73.666667	76	317.894622	311.666667	7	40	25.379167
194.066667	0.03707	18	90	50	919.15413	1.159831	<Null>	<Null>	76	315.37896	<Null>	7	10	25.333333
182.333333	0.117661	22	157.3682	40	919.15413	3.01183	249.666667	76.333333	77	313.639187	290.666667	7	40	25.308333
215.55	0.076338	30	248.2112	50	886.845309	2.497138	246.666667	76.666667	77	313.447778	317.333333	4	50	25.308333
208.7	0.046737	40	291.7889	50	886.845309	4.98481	239.666667	75.666667	77	315.768614	274.333333	7	50	25.308333
161.317073	0.114088	2	90	50	920.68896	1.159203	337	74	75	315.190968	343	4	50	25.295833
135.487805	0.051323	11	180	50	911.989422	1.854334	264.666667	74	76	313.536647	276	4	50	25.45
149.121951	0.036123	10	270	60	904.108967	2.319236	219	75.333333	74	311.810547	302.666667	7	60	25.460417
<Null>	0.124071	8	0	60	948.711586	0.92741	259	75.666667	74	316.199284	315	7	30	25.360417
<Null>	0.081153	10	212.0123	60	952.406677	2.186587	320.666667	74.666667	74	317.477624	291	7	30	25.360417
<Null>	0.1578	4	308.6441	60	930.422903	1.484886	270.666667	74	75	312.876969	306	7	30	25.425
<Null>	0.103787	14	0	50	948.711586	0	<Null>	75	75	319.067003	326	7	50	25.504167
<Null>	0.106279	8	180	60	948.711586	0.92741	272	75.666667	74	316.312079	334.333333	7	30	25.504167
151.588235	0.057358	6	180	40	904.108967	0.92741	281	73.666667	72	310.627912	299.333333	4	60	25.460417
164.243902	0.109373	13	128.6371	40	904.108967	1.485114	251.666667	73.333333	74	313.933137	303.333333	7	40	25.460417
179.5	0.033469	4	90	60	882.208663	2.317946	318	73.666667	73	307.548276	300.666667	7	50	25.383333
153.903226	0.299911	3	180	40	882.208663	0.92741	304	72.666667	73	308.874467	288.333333	7	40	25.402083
143.756098	0.059992	1	0	60	931.472746	0	<Null>	<Null>	75	315.881408	<Null>	7	30	25.316667
172.25	0.074472	3	111.7974	40	931.472746	2.496207	322.333333	73.666667	74	315.580623	303	7	40	25.316667
<Null>	0.144473	3	90	60	948.711586	1.159717	266	75.333333	74	315.836974	308.666667	7	40	25.425
148.804878	0.05899	4	270	60	869.924988	2.317702	318.333333	72.666667	73	312.39161	281	7	60	25.402083
167.5	0.089515	42	75.08147	30	948.711586	3.597936	<Null>	75.666667	76	319.155872	331.666667	7	50	25.504167
<Null>	0.072309	9	231.3527	60	948.711586	1.484784	293.666667	75.666667	74	318.031343	330.333333	7	30	25.504167
<Null>	0.107237	17	128.6373	60	948.711586	2.968221	240.666667	75.666667	75	316.315497	312	7	30	25.425
<Null>	0.096908	5	128.6399	60	930.422903	1.485021	281	74.333333	75	315.139698	324	7	10	25.425
158.097561	0.121104	6	90	50	930.422903	1.160178	<Null>	<Null>	77	317.43319	<Null>	4	50	25.425
106.619048	0.080666	13	0	50	881.668529	0.92741	273.333333	73	74	314.80815	332	7	50	25.379167
169.902439	0.086716	7	147.9627	40	896.708173	2.187183	271	73.666667	76	314.818404	339.666667	7	30	25.425
<Null>	0.110387	10	180	50	881.668529	1.854334	277.333333	74.666667	74	316.08649	351	7	50	25.379167
179.857143	0.159157	30	180	40	996.737003	1.854334	269.666667	74.666667	76	317.419517	288.333333	7	40	25.370833
175.294118	0.122647	20	231.394	50	996.737003	2.970249	255.666667	74.666667	75	316.988847	327	7	50	25.370833
<Null>	0.116756	9	270	50	930.422903	1.159924	240	74.666667	74	313.854523	298.666667	7	50	25.425
159.325	0.136514	8	270	40	904.108967	2.318696	294.666667	73	74	313.939973	291.333333	7	40	25.460417
117.875	0.096503	13	0	40	896.708173	0	265	74	75	315.05083	331.333333	7	60	25.379167
169.902439	0.101433	8	90	40	896.708173	1.160647	271	73.666667	76	314.818404	339.666667	7	30	25.425
152.766667	0.101183	11	231.3813	60	881.668529	1.485709	275.333333	73.666667	76	314.179235	337.333333	7	30	25.379167
158.390244	0.061807	12	327.9631	40	904.189127	2.187174	286.333333	73.333333	74	311.660154	315.333333	4	60	25.460417
152.829268	0.104661	16	180	60	904.189127	0.92741	283.666667	73.666667	75	312.432626	288	7	30	25.460417
163.414634	0.109294	15	0	40	920.486423	0	252.333333	74	74	314.585979	294.666667	4	40	25.504167
<Null>	0.108747	9	270	30	948.711586	1.160106	252	75.666667	77	315.163624	322.666667	7	30	25.425
176.285714	0.12506	35	51.36281	60	948.711586	1.485111	205.333333	<Null>	74	316.616283	<Null>	4	50	25.504167
<Null>	0.092611	17	270	50	948.711586	4.630628	222.666667	75.333333	74	315.44732	319.666667	7	10	25.425
155.341463	0.054649	16	0	50	904.189127	0	250.666667	74.333333	76	311.246573	291.333333	7	50	25.45
<Null>	0.12733	10	0	50	952.406677	0	255	74.666667	74	316.588939	287.333333	7	50	25.360417
171.35	0.029068	5	270	40	882.208663	1.159376	349.333333	74	75	311.311516	280.333333	7	40	25.383333
<Null>	0.070479	7	90	50	948.711586	2.318603	<Null>	<Null>	74	317.833098	<Null>	7	50	25.425
150	0.084616	8	0	40	896.708173	0.92741	233.666667	74.666667	74	311.205557	304.333333	7	10	25.425
150.414634	0.133413	7	51.34969	10	931.472746	1.484685	329	72.666667	73	314.873093	320.333333	7	40	25.316667
167.292683	0.071453	3	147.9899	40	920.68896	2.186533	309.666667	73.666667	75	315.474664	330.333333	7	40	25.295833
154.609756	0.107517	19	270	50	911.989422	1.160144	197	74.666667	75	318.793562	230.666667	7	50	25.45
138.097561	0.052863	13	128.6487	60	930.044046	1.484738	304.333333	73.666667	71	314.432168	249	7	40	25.36875
144.487805	0.067812	7	0	50	888.708575	0	277.666667	71.666667	74	313.317893	280.666667	7	50	25.36875
177.05	0.066242	7	231.3433	10	938.08176	1.484478	301.333333	69.666667	73	309.61276	272	7	40	25.36875
161.769231	0.014817	15	0	60	978.493448	0.92741	314	71.666667	76	307.951602	188.333333	4	60	25.31875
170.03125	0.021427	7	128.6625	60	938.08176	1.48429	313.333333	70.666667	75	312.111332	243.666667	7	30	25.339583
203	0.041657	7	0	60	938.08176	0.92741	277.333333	70	71	311.895997	220.333333	4	60	25.352083
158.682927	0.058287	9	51.3508	40	888.708575	1.484721	274.333333	71.666667	75	313.516139	227.333333	7	40	25.36875
169.882353	0.127877	5	180	50	938.08176	1.854334	<Null>	73	74	312.248053	253.333333	7	50	25.352083
177.5	0.051259	8	291.7898	40	930.044046	2.497028	258.666667	71.666667	73	311.366204	247.666667	7	30	25.214583
146.575	0.033615	12	231.354	60	930.044046	1.484823	250	69.333333	72	308.101995	229	7	60	25.214583
158.292683	0.030896	2	0	40	930.603171	0	353.666667	70.666667	72	311.581539	263	7	40	25.339583
191.2	0.063319	12	0	60	930.044046	0	284.333333	70	72	311.656736	226.333333	4	10	25.214583
156.823529	0.046788	6	90	60	888.708575	1.159304	300	70.666667	74	311.71826	249.666667	7	60	25.36875
173.533333	0.071141	7	0	60	938.08176	0.92741	296	69.666667	72	310.562969	254.333333	7	30	25.352083
146.707317	0.044107	3	231.3404	40	869.924988	1.484385	329.666667	72.666667	72	312.118168	280.666667	7	40	25.402083
160.487805	0.068575	8	51.3384	40	981.464113	1.48432	290.333333	70.666667	76	312.986346	244	7	60	25.339583
155.560976	0.030356	18	211.9983	60	1002.115785	2.186252	271.666667	72	74	315.782286	191	7	60	25.329167
197.428571	0.057332	9	22.6284	60	930.044046	3.011756	266.666667	71.666667	74	310.402322	259.333333	7	10	25.352083
149.5	0.048585	21	270	40	978.493448	1.159409	252.666667	71.666667	75	309.113729	181	7	60	25.31875
174	0.026353	10	51.35498	40	930.044046	1.484856	253.333333	71.666667	72	311.779784	252.333333	7	30	25.214583
151.055556	0.133659	12	90	50	938.08176	3.474791	252.333333	70.666667	75	310.689436	229	7	50	25.352083
146	0.04878	15	231.3638	40	930.044046	2.968294	264	70.666667	75	311.865235	239	7	60	25.214583
163.658537	0.079731	12	157.3674	50	908.346662	3.011848	282	72.666667	73	313.051288	235.666667	7	50	25.445833
156.219512	0.083995	33	0	10	1021.912596	0	253.333333	70.333333	79	311.226065	191.333333	7	10	25.339583
162.682927	0.034806	23	0	40	972.718581	0	252.666667	70.666667	74	312.295906	182	7	60	25.335417
160.037037	0.040895	10	0	60	978.493448	0	300.333333	70.666667	75	311.02782	215.333333	7	40	25.329167
180.125	0.036825	31	32.0013	60	978.493448	2.186324	248	72.666667	77	310.221167	194.333333	4	30	25.335417
163.575	0.123975	48	180	50	978.493448	2.780288	227.666667	72.666667	77	313.376	188.666667	4	50	25.277083
162.195122	0.049895	64	258.6962	40	968.500871	4.721103	244.666667	74.333333	79	307.285088	105.666667	7	60	24.81875
229.333333	0.087066	443	225.6852	10	953.705357	14.29958	297.333333	67.666667	73	308.689894	268.666667	4	10	22.7625
146.170732	0.032934	27	51.33231	40	978.070849	2.966256	264	71.666667	75	310.689436	210	7	30	25.091667
178.35	0.053022	21	231.3319	60	1031.923908	1.484109	272.333333	70	76	309.479457	207.666667	7	60	25.245833
256.6	0.029803	306	140.1205	60	859.393438	3.621039	<Null>	<Null>	77	321.114397	<Null>	7	50	24.36875
219	0.020042	302	0	50	859.393438	0	170.333333	72.666667	79	321.555322	364.333333	7	50	24.36875
187	0.018638	303	0	50	859.393438	0	169	72.666667	78	318.937118	371.666667	7	50	24.36875
<Null>	0.079917	111	0	40	948.897927	0	232.666667	74.666667	77	317.446862	310	4	40	24.983333
191	0.075411	38	212.0617	50	996.737003	2.187765	260	74.666667	78	317.894622	296.666667	7	50	25.370833
<Null>	0.062231	126	231.4143	50	948.897927	1.48678	210	73.666667	75	318.366309	300.333333	4	50	24.835417
185.945946	0.111704	107	111.7596	60	954.354298	2.500327	237.333333	72.666667	76	314.298865	294	4	30	25.1125
160.382353	0.136733	116	68.24673	60	948.897927	2.501013	213.333333	74.666667	76	314.558635	322	4	60	24.835417
190.148148	0.200546	21	180	50	977.446818	0.92741	232.666667	74	76	316.606029	302	7	50	25.252083
156.926829	0.10202	21	147.9299	60	997.713608	2.187966	274.333333	72.666667	76	315.72418	316	7	30	25.364583
177.04878	0.172653	58	90	10	1002.796984	1.161691	215	76	77	318.086031	361	7	10	25.441667
